0 0.22875781250000002 0.4770370370370371 0.025223958333333334 0.04111111111111111
0 0.0623828125 0.1780972222222222 0.025807291666666666 0.10989814814814815
0 0.1219453125 0.09638888888888889 0.034515625 0.1112962962962963
0 0.089484375 0.025212962962962965 0.021677083333333333 0.05042592592592593
0 0.19943229166666665 0.07947685185185185 0.02282291666666667 0.10710185185185185
0 0.19002083333333336 0.021166666666666667 0.021708333333333333 0.042333333333333334
0 0.3883020833333333 0.05610648148148148 0.0255625 0.09369444444444444
0 0.4289427083333333 0.1320601851851852 0.025593750000000002 0.11782407407407407
0 0.45478125 0.12490740740740741 0.021020833333333332 0.1201851851851852
0 0.47629947916666665 0.14319907407407406 0.022390625 0.11602777777777779
0 0.4808359375 0.039671296296296295 0.017921874999999997 0.07934259259259259
0 0.5265807291666667 0.15668518518518518 0.030244791666666666 0.12448148148148148
0 0.498625 0.22294444444444445 0.029541666666666667 0.12366666666666667
0 0.5790911458333333 0.08939351851851852 0.021723958333333335 0.09545370370370371
0 0.619296875 0.20145833333333332 0.02296875 0.12328703703703704
0 0.6401848958333333 0.18313425925925925 0.026203125 0.12737962962962962
0 0.6743229166666667 0.07875462962962963 0.0153125 0.07232407407407407
0 0.6913411458333333 0.055212962962962964 0.018098958333333335 0.09375925925925926
0 0.7401588541666667 0.04572222222222223 0.019901041666666668 0.09144444444444445
0 0.7325677083333333 0.11183796296296296 0.019302083333333334 0.12182407407407407
0 0.8338072916666666 0.06748611111111111 0.020739583333333332 0.10163888888888889
0 0.8517734375 0.06597685185185184 0.018130208333333335 0.10047222222222223
0 0.8849166666666667 0.07043981481481482 0.027125 0.12050925925925926
0 0.957140625 0.025421296296296296 0.016364583333333335 0.05084259259259259
0 0.9124140625 0.10775462962962963 0.031078125 0.06921296296296296
0 0.8924192708333334 0.2021111111111111 0.03900520833333333 0.12088888888888889
0 0.9501484374999999 0.19445370370370368 0.030505208333333332 0.12224074074074075
0 0.9946015625 0.1364351851851852 0.011078125 0.0913888888888889
0 0.7716718750000001 0.3711203703703704 0.03501041666666667 0.1515
0 0.7832708333333334 0.5175231481481481 0.0405 0.1572685185185185
0 0.9833828125 0.7547870370370371 0.03343229166666666 0.1280925925925926
0 0.7634869791666666 0.7370601851851851 0.06030729166666667 0.17226851851851852
0 0.6210338541666667 0.9391851851851851 0.055609374999999996 0.12096296296296295
0 0.3676041666666666 0.6953842592592593 0.042499999999999996 0.18706481481481482
0 0.40985677083333333 0.4989722222222222 0.03846354166666666 0.16090740740740742
0 0.38397135416666667 0.2915833333333333 0.031484375 0.13872222222222222
0 0.31174479166666663 0.31881481481481483 0.03078125 0.1265185185185185
0 0.3097578125 0.22067592592592591 0.025765625 0.06727777777777777
0 0.15355729166666665 0.48608333333333337 0.03628125 0.1592037037037037
0 0.2543671875 0.5368564814814816 0.02852604166666667 0.12186111111111113
0 0.18931770833333333 0.5284953703703703 0.019260416666666665 0.1366203703703704
0 0.04536197916666666 0.8249027777777778 0.05530729166666667 0.17758333333333332
0 0.39666666666666667 0.025722222222222223 0.011041666666666667 0.051444444444444445
0 0.6121588541666667 0.5388657407407408 0.037859375 0.14069444444444443
0 0.21360416666666668 0.5508009259259259 0.029291666666666667 0.14789814814814814
